# i  degen - indexing
0  24  0  1  2  3  4
1  24  0  1  2  4  5
2  48  0  1  2  4  6
3  12  0  1  2  4  7
4  72  0  1  2  4  8
5  24  0  1  2  4  9
6  72  0  1  2  4  11
7  12  0  1  2  5  6
8  24  0  1  2  5  11
9  12  0  1  2  8  9
10  24  0  1  2  8  11
11  12  0  1  2  10  11
12  24  0  1  4  5  8
13  24  0  1  4  5  9
14  48  0  1  4  6  8
15  36  0  1  4  7  8
16  24  0  1  4  8  10
17  24  0  1  4  8  11
18  36  0  1  5  6  8
19  24  0  1  5  8  10
20  48  0  2  4  6  8
21  48  0  2  4  7  8
22  24  0  2  4  8  11
23  24  0  2  4  9  10
24  24  0  3  4  7  8
25  24  0  3  4  7  10