# i  degen - indexing
0  12  0  1  2  3  4  5
1  12  0  1  2  3  4  6
2  12  0  1  2  3  4  7
3  48  0  1  2  3  4  8
4  48  0  1  2  3  4  9
5  48  0  1  2  4  5  8
6  48  0  1  2  4  5  9
7  48  0  1  2  4  5  10
8  48  0  1  2  4  5  11
9  96  0  1  2  4  6  8
10  96  0  1  2  4  6  10
11  48  0  1  2  4  7  8
12  48  0  1  2  4  7  10
13  48  0  1  2  4  8  11
14  48  0  1  2  5  6  10
15  8  0  1  4  5  8  9
16  24  0  1  4  5  8  10
17  12  0  1  4  5  8  11
18  12  0  1  4  5  9  10
19  24  0  1  4  6  8  10
20  24  0  1  4  6  8  11
21  12  0  1  4  7  8  10
22  12  0  1  4  7  8  11
23  12  0  1  5  6  8  10
24  12  0  1  5  6  8  11
25  8  0  2  4  6  8  10
26  24  0  2  4  6  8  11
27  24  0  2  4  7  8  11
28  8  0  3  4  7  8  11